0100000000011011
0100000100110101
0100001001110011
0100001110101001
0100010010101011
0100010111101111
0100011011100101
0100100000000001
0100100101000101
0100101011000011
0100101111100011
0100110011111101
0100111000011001
0100111100101101
0101000001010011
0101000110100011
0101001010111011
0101001111110101
0101010011111101
0101011000100011
0101011101000111
0101100001111011
0101100110110001
0101101010101001
0101110000001011
0101110100010111
0101111000100001
0101111101100011
0110000011001101
0110001000010111
0110001101000001
0110010001100111
0110010110010011
0110011011000101
0110100000010001
0110100100001101
0110101001100111
0110101110111101
0110110011000111
0110111000000011
0110111101100001
0111000001001111
0111000110000111
0111001011000111
0111001111110011
0111010101110111
0111011010001011
0111011111101001
0111100100100101
0111101000100011
0111101101110111
0111110011101101
0111111000000101
0111111100010101
1000000001000001
1000000101011111
1000001010110001
1000001110111001
1000010011110001
1000011000101111
1000011101011011
1000100010010011
1000100111101111
1000101100001101
1000110010001001
1000110111000101
1000111011110111
1001000000010111
1001000101001111
1001001010000111
1001001111000111
1001010100101101
1001011010011101
1001011110110001
1001100011100011
1001101000001111
1001101101100011
1001110010011101
1001111000001011
1001111101100001
1010000010011001
1010000110101101
1010001011010001
1010001111111111
1010010100110101
1010011001001001
1010011101100101
1010100011000001
1010101001000111
1010101110100111
1010110010101011
1010110111111111
1010111100110011
1011000010000111
1011000111100101
1011001100100111
1011010010001011
1011010111011111
1011011100000101
1011100010000101
1011100110101101
1011101011011101
1011110000111011
1011110110001011
1011111010110101
1011111111110011
1100000100101011
1100001001110111
1100001110011101
1100010011001111
1100011001001111
1100011110111011
1100100011100011
1100100111101011
1100101100110101
1100110010001011
1100110111100111
1100111100110111
1101000001101001
1101000110110001
1101001011110001
1101010001100011
1101010101100111
1101011011011001
1101100000101011
1101100110000001
1101101010011111
1101101111110111
1101110100100011
1101111001001111
1101111101101001
1110000011010101
1110000111110111
1110001100111011
1110010001101101
1110011000010001
1110011100001101
1110100000110111
1110100101101001
1110101011100101
1110110001011101
1110110110010101
1110111100011011
1111000001101011
1111000110101111
1111001011101111
1111010001100011
1111010111001001
1111011101000011
1111100001011001
1111100101001111
1111101011011001
1111110001100001
1111110110110111
1111111011110101