0000100000000101
0000100000100011
0000100000111111
0000100001011001
0000100001110001
0000100010100101
0000100011000011
0000100011100001
0000100011111001
0000100100100011
0000100100110101
0000100101001111
0000100101101011
0000100110001001
0000100110101001
0000100111100011
0000100111110111
0000101000100001
0000101001001001
0000101001100111
0000101001111111
0000101010010011
0000101010101001
0000101011000001
0000101011100111
0000101100000011
0000101100100011
0000101101000111
0000101101100101
0000101110001101
0000101110110111
0000101111001111
0000101111110101
0000110000010001
0000110001000001
0000110001101101
0000110010001001
0000110010110011
0000110011000111
0000110011110001
0000110100000011
0000110100100001
0000110100111111
0000110101111001
0000110110001011
0000110110110111
0000110111001101
0000110111100101
0000110111111111
0000111000100001
0000111000111011
0000111001011101
0000111001111101
0000111010011011
0000111011000011
0000111011101101
0000111100001011
0000111100101001
0000111101001101
0000111101011011
0000111110010101
0000111110101101
0000111111010001
0000111111101111
0001000000001111
0001000000101011
0001000001010001
0001000001111011
0001000010010011
0001000010101111
0001000011001001
0001000011111101
0001000100100111
0001000101000111
0001000101101001
0001000110001101
0001000110100111
0001000111010001
0001000111110101
0001001000011111
0001001000110001
0001001001010011
0001001001111001
0001001010101111
0001001010111111
0001001011011111
0001001100011001
0001001101000011
0001001101010111
0001001101101101
0001001110001011
0001001110011111
0001001111010101
0001001111101101
0001010000011011
0001010000111011
0001010001101011
0001010010001101
0001010010110001
0001010011010101
0001010100001011
0001010100100101
0001010100111101
0001010101011111
0001010101111101
0001010110010001
0001010110111011
0001010111010111
0001011000001111
0001011000011011
0001011000111101
0001011001101001
0001011010010011
0001011010101111
0001011011001111
0001011011100001
0001011011110111
0001011100100011
0001011101011101
0001011110001101
0001011110100101
0001011111001001
0001011111101001
0001100000000111
0001100000110111
0001100001001101
0001100001110111
0001100010001111
0001100010101101
0001100011000111
0001100011011111
0001100011111101
0001100100110011
0001100101011011
0001100110010111
0001100110101011
0001100111001111
0001101000000011
0001101000100001
0001101000110101
0001101001101001
0001101010000111
0001101010101011
0001101011001001
0001101011100011
0001101100000101
0001101100110001
0001101101000111
0001101101100101
0001101110000011
0001101110111111
0001101111011001
0001110000010011
0001110000101101
0001110001001011
0001110010000001
0001110010100011
0001110011001001
0001110100001001
0001110100110101
0001110101001011
0001110101101001
0001110101111101
0001110110011001
0001110110110011
0001110111011011
0001111000000001
0001111000010111
0001111000111101
0001111001101101
0001111010010101
0001111011000001
0001111011011101
0001111011111101
0001111100011011
0001111101010001
0001111110000101
0001111110011101
0001111110111011
0001111111101011